Time,фз╨е,лУд©╠Ю╨е,Type,Importance,Brief,Content,Publisher,SourceUri
2021.08.31ллллллллллллллллллллллллллллллллллллллллллллллE:\starlink\daily\20210831-╣з828фз.csv,828,1,0,0,21024AE╨енюпг╫ЬхК╧Л╣юцФ27оЮн╩╨е5,21024AE╨енюпг╫ЬхК╧Л╣юцФ27оЮн╩╨е5...
2021.08.31ллллллллллллллллллллллллллллллллллллллллллллллE:\starlink\daily\20210831-╣з828фз.csv,828,2,0,0,21041AU╨енюпгюК©╙╧Л╣юцФ66оЮн╩6,21041AU╨енюпгюК©╙╧Л╣юцФ66оЮн╩6...
